model,mode,episodes,avg_request_count,avg_parsed_request_count,avg_violated_request_count,avg_parse_error_count,avg_runtime_error_count
gpt-4.1-mini,active_inputs,25,11.68,11.64,0.04,0.04,0.0
